0 0.1640625 0.17109375 0.1984375 0.1765625
0 0.28984375 0.46328125 0.228125 0.2421875
0 0.25859375 0.14296875 0.1921875 0.18125
0 0.4984375 0.17890625 0.253125 0.11875
13 0.44609375 0.1203125 0.2390625 0.04375
0 0.40625 0.45 0.1828125 0.209375
0 0.4171875 0.06953125 0.234375 0.059375
0 0.33515625 0.05 0.2 0.053125
0 0.446875 0.84609375 0.23125 0.3
0 0.68203125 0.6296875 0.36875 0.109375
0 0.48203125 0.4234375 0.153125 0.225
0 0.60625 0.3765625 0.1734375 0.2
0 0.71015625 0.3609375 0.196875 0.203125
0 0.646875 0.83515625 0.1984375 0.321875
0 0.83359375 0.84140625 0.190625 0.3109375
0 0.953125 0.7984375 0.0828125 0.328125