7 0.1890625 0.72109375 0.3765625 0.10625
7 0.196875 0.6578125 0.3921875 0.096875
7 0.20546875 0.6 0.4 0.0921875
7 0.2234375 0.546875 0.3953125 0.0875
7 0.24375 0.4953125 0.38125 0.0875
7 0.57578125 0.75703125 0.4359375 0.109375
7 0.584375 0.68984375 0.4203125 0.096875
7 0.5921875 0.6296875 0.403125 0.09375
7 0.60546875 0.57421875 0.3953125 0.0875
7 0.61171875 0.52421875 0.3875 0.0859375
7 0.48984375 0.96953125 0.3359375 0.0609375
7 0.0625 0.9328125 0.1234375 0.0765625
7 0.3015625 0.39921875 0.365625 0.0765625
7 0.321875 0.35546875 0.35625 0.08125
7 0.3484375 0.3140625 0.3453125 0.075
7 0.3609375 0.275 0.3375 0.078125
7 0.375 0.2328125 0.33125 0.071875
7 0.68125 0.0953125 0.271875 0.0796875
7 0.68125 0.146875 0.246875 0.0671875
7 0.69140625 0.03984375 0.30625 0.0796875
7 0.4046875 0.0515625 0.246875 0.075
7 0.4171875 0.12109375 0.2671875 0.0859375
7 0.38828125 0.01796875 0.2671875 0.0359375
7 0.91484375 0.0953125 0.1703125 0.0984375