7 0.36640625 0.50859375 0.4828125 0.0875
7 0.3765625 0.56953125 0.475 0.0921875
7 0.359375 0.634375 0.4671875 0.09375
7 0.35703125 0.69375 0.4421875 0.0859375
7 0.3546875 0.7484375 0.425 0.08125
7 0.475 0.0484375 0.575 0.096875
7 0.46875 0.11796875 0.5484375 0.1171875
7 0.45078125 0.20546875 0.5875 0.1375
7 0.4328125 0.30546875 0.4203125 0.1234375
7 0.8890625 0.06875 0.2203125 0.0984375
7 0.8890625 0.2515625 0.2203125 0.1078125
7 0.87265625 0.33515625 0.2515625 0.1046875
7 0.8609375 0.4078125 0.278125 0.084375
7 0.7828125 0.66796875 0.3859375 0.096875
7 0.77421875 0.71171875 0.3796875 0.0640625
7 0.75859375 0.75390625 0.3953125 0.071875
7 0.79453125 0.5890625 0.3984375 0.1234375