7 0.8578125 0.5015625 0.2625 0.2234375
7 0.86875 0.39453125 0.2625 0.2328125
7 0.8796875 0.25703125 0.23125 0.20625
7 0.2796875 0.32421875 0.1984375 0.184375
7 0.79921875 0.68359375 0.3109375 0.31875
7 0.5671875 0.5 0.2453125 0.2578125
7 0.3734375 0.80546875 0.1984375 0.2484375
7 0.24765625 0.571875 0.18125 0.16875
7 0.234375 0.64453125 0.18125 0.16875
7 0.41796875 0.696875 0.18125 0.16875
7 0.5671875 0.9 0.2125 0.1984375
7 0.54296875 0.73828125 0.0765625 0.0890625
7 0.53515625 0.80078125 0.0765625 0.0890625