7 0.96484375 0.4109375 0.0671875 0.146875
7 0.3125 0.52265625 0.0796875 0.05625
7 0.4 0.5609375 0.0765625 0.0515625
7 0.3578125 0.5484375 0.071875 0.04375
7 0.2515625 0.56484375 0.0953125 0.05625
7 0.1828125 0.5765625 0.0890625 0.0484375
7 0.1875 0.540625 0.0734375 0.040625
7 0.31640625 0.58515625 0.0875 0.053125
7 0.24296875 0.60546875 0.090625 0.028125
7 0.12109375 0.58671875 0.090625 0.0515625
7 0.91796875 0.6265625 0.1515625 0.0703125
7 0.73828125 0.64453125 0.1640625 0.0546875
7 0.040625 0.653125 0.08125 0.04375
7 0.08203125 0.73203125 0.071875 0.0640625
7 0.2171875 0.89921875 0.0890625 0.0921875
7 0.1203125 0.89921875 0.1 0.0875
7 0.8734375 0.8734375 0.190625 0.0640625
7 0.68046875 0.84140625 0.16875 0.0609375
7 0.3640625 0.88359375 0.1625 0.0609375
7 0.03828125 0.90625 0.0765625 0.0890625
7 0.5265625 0.83671875 0.15625 0.053125
7 0.828125 0.8265625 0.1921875 0.0625
7 0.5328125 0.67421875 0.1234375 0.071875
7 0.75703125 0.70703125 0.1640625 0.0609375
7 0.36796875 0.696875 0.1078125 0.05625
7 0.25859375 0.71015625 0.0921875 0.059375
7 0.16484375 0.72265625 0.090625 0.0640625
7 0.446875 0.49609375 0.2390625 0.0875
7 0.50390625 0.5359375 0.2375 0.0796875
7 0.68125 0.48046875 0.2390625 0.078125
7 0.74765625 0.540625 0.2484375 0.071875