7 0.64296875 0.44609375 0.321875 0.1140625
7 0.51328125 0.4828125 0.2796875 0.096875
7 0.49140625 0.5328125 0.2734375 0.09375
7 0.23203125 0.4390625 0.3078125 0.1140625
7 0.2515625 0.49140625 0.2359375 0.0828125
7 0.265625 0.5375 0.2390625 0.075
7 0.49140625 0.58203125 0.228125 0.0765625
7 0.94609375 0.5484375 0.10625 0.171875
7 0.8453125 0.55625 0.10625 0.103125
7 0.37109375 0.7546875 0.246875 0.0875
7 0.64296875 0.8578125 0.2171875 0.08125
7 0.6921875 0.81484375 0.1640625 0.0828125
7 0.36328125 0.79453125 0.23125 0.0671875
7 0.06953125 0.51328125 0.1390625 0.0796875
7 0.078125 0.46171875 0.15625 0.078125
7 0.05390625 0.40625 0.0890625 0.065625
7 0.071875 0.35546875 0.096875 0.0703125
7 0.984375 0.334375 0.0296875 0.1796875
7 0.8578125 0.3234375 0.2484375 0.0984375
7 0.87265625 0.48046875 0.128125 0.075