7 0.4203125 0.5953125 0.334375 0.1453125
7 0.45078125 0.6625 0.325 0.11875
7 0.415625 0.4828125 0.2390625 0.09375
7 0.75703125 0.5984375 0.325 0.11875
7 0.7359375 0.52890625 0.3421875 0.15
7 0.6875 0.46015625 0.3109375 0.115625
7 0.18046875 0.7203125 0.2453125 0.10625
7 0.15625 0.65390625 0.2546875 0.13125
7 0.15859375 0.55859375 0.2640625 0.121875
7 0.33515625 0.3734375 0.3421875 0.1296875
7 0.29453125 0.30390625 0.3578125 0.134375
7 0.2828125 0.1984375 0.2984375 0.121875
7 0.0796875 0.30078125 0.159375 0.1140625
7 0.07421875 0.3671875 0.1484375 0.10625
7 0.08671875 0.43046875 0.1734375 0.10625
7 0.57421875 0.10703125 0.3421875 0.1375
7 0.59375 0.1703125 0.334375 0.11875
7 0.64453125 0.2296875 0.3796875 0.15
7 0.671875 0.30390625 0.3703125 0.1421875