7 0.6078125 0.43046875 0.3328125 0.103125
7 0.60703125 0.35703125 0.3296875 0.075
7 0.56484375 0.540625 0.2390625 0.0609375
7 0.27734375 0.34609375 0.33125 0.0734375
7 0.26953125 0.4203125 0.3375 0.1078125
7 0.2875 0.4984375 0.3140625 0.0734375
7 0.88671875 0.3640625 0.2265625 0.0765625
7 0.88359375 0.4359375 0.23125 0.1015625
7 0.8484375 0.52734375 0.2609375 0.0890625
7 0.59765625 0.6671875 0.3453125 0.084375
7 0.60703125 0.7453125 0.3609375 0.084375
7 0.5734375 0.85234375 0.3 0.0828125
7 0.859375 0.8125 0.2421875 0.0828125
7 0.88125 0.74375 0.2078125 0.0796875
7 0.8859375 0.6765625 0.2078125 0.0796875
7 0.2484375 0.87265625 0.3421875 0.09375
7 0.25703125 0.80546875 0.340625 0.071875
7 0.23203125 0.734375 0.3796875 0.0984375
7 0.23671875 0.6546875 0.3734375 0.0921875