7 0.82109375 0.27265625 0.3578125 0.1203125
7 0.80546875 0.34609375 0.3890625 0.1265625
7 0.78359375 0.44453125 0.43125 0.1578125
7 0.81015625 0.5375 0.3765625 0.1078125
7 0.37734375 0.21875 0.5171875 0.1296875
7 0.32421875 0.30625 0.5515625 0.165625
7 0.6921875 0.7296875 0.4234375 0.0984375
7 0.671875 0.7796875 0.4234375 0.0984375
7 0.64453125 0.821875 0.4203125 0.090625
7 0.6203125 0.86171875 0.4203125 0.0921875
7 0.26953125 0.734375 0.4140625 0.0984375
7 0.25859375 0.8015625 0.3578125 0.0828125