13 0.628125 0.9484375 0.0546875 0.09453125
13 0.571875 0.81328125 0.028125 0.03828125
13 0.69453125 0.915625 0.05 0.08828125
13 0.5453125 0.7640625 0.0203125 0.04609375
13 0.73984375 0.84765625 0.04375 0.07265625
13 0.57890625 0.75625 0.0390625 0.05625
13 0.52109375 0.728125 0.0203125 0.05625
13 0.553125 0.69453125 0.01875 0.04296875
13 0.65546875 0.553125 0.0875 0.17421875
13 0.6515625 0.734375 0.0578125 0.1109375
13 0.7046875 0.678125 0.05625 0.11328125
13 0.82734375 0.19765625 0.1015625 0.1875
13 0.853125 0.96015625 0.0546875 0.0765625
13 0.9703125 0.73046875 0.053125 0.1859375
13 0.85859375 0.53046875 0.06328125 0.11953125
13 0.9828125 0.4046875 0.028125 0.1359375