7 0.35703125 0.84609375 0.3453125 0.0828125
7 0.35234375 0.7921875 0.33125 0.0703125
7 0.3265625 0.73671875 0.3578125 0.0828125
7 0.30625 0.6765625 0.246875 0.06875
7 0.71171875 0.8171875 0.3453125 0.078125
7 0.70703125 0.75859375 0.3609375 0.0828125
7 0.8265625 0.11171875 0.2171875 0.0875
7 0.8390625 0.1765625 0.2125 0.0640625
7 0.58671875 0.428125 0.303125 0.0671875
7 0.578125 0.39453125 0.2953125 0.05625
7 0.56875 0.3578125 0.2859375 0.05625
7 0.2828125 0.375 0.29375 0.059375
7 0.28828125 0.415625 0.29375 0.059375
7 0.2921875 0.45703125 0.2953125 0.0640625
7 0.30390625 0.5015625 0.3015625 0.065625
7 0.2953125 0.540625 0.321875 0.05625
7 0.8546875 0.38828125 0.2609375 0.078125