7 0.803125 0.2828125 0.215625 0.078125
7 0.7796875 0.3234375 0.2109375 0.0671875
7 0.6046875 0.30625 0.1734375 0.0609375
7 0.37265625 0.25859375 0.121875 0.0453125
7 0.48828125 0.265625 0.125 0.05
7 0.4671875 0.296875 0.13125 0.05
7 0.359375 0.2875 0.1171875 0.0421875
7 0.46015625 0.38125 0.153125 0.0484375
7 0.43515625 0.40859375 0.1359375 0.05
7 0.33984375 0.3609375 0.1234375 0.0453125
7 0.328125 0.38671875 0.1203125 0.040625
7 0.428125 0.3453125 0.1484375 0.046875
7 0.5875 0.4015625 0.1546875 0.053125
7 0.5640625 0.43359375 0.1671875 0.059375
7 0.7359375 0.428125 0.2 0.0640625
7 0.7171875 0.46484375 0.2 0.0671875
7 0.771875 0.3890625 0.1609375 0.0515625
7 0.89296875 0.4078125 0.109375 0.0453125
7 0.54921875 0.49375 0.184375 0.0671875
7 0.43046875 0.46640625 0.11875 0.053125
7 0.31953125 0.4390625 0.1359375 0.0515625
7 0.296875 0.4671875 0.1265625 0.05
7 0.40234375 0.49140625 0.1265625 0.05
7 0.6703125 0.6765625 0.11875 0.0546875
7 0.6046875 0.646875 0.11875 0.05625
7 0.7640625 0.68046875 0.11875 0.0546875
7 0.5484375 0.61328125 0.128125 0.078125
7 0.41953125 0.6734375 0.1328125 0.0875
7 0.52890625 0.734375 0.1328125 0.078125
7 0.48828125 0.71015625 0.1328125 0.078125
7 0.6234375 0.7828125 0.14375 0.08125
7 0.3015625 0.62734375 0.11875 0.0765625
7 0.2875 0.84609375 0.13125 0.0796875
7 0.35234375 0.89765625 0.1375 0.0953125
7 0.47265625 0.96484375 0.134375 0.0703125
7 0.140625 0.7546875 0.06875 0.0703125
7 0.17578125 0.76171875 0.06875 0.071875
7 0.51171875 0.52421875 0.153125 0.0609375
7 0.6859375 0.5296875 0.2171875 0.0734375
7 0.6625 0.56640625 0.2140625 0.06875