7 0.859375 0.2140625 0.2796875 0.259375
7 0.85 0.33515625 0.3 0.2640625
7 0.5921875 0.24765625 0.2515625 0.221875
7 0.61171875 0.1203125 0.246875 0.2328125
7 0.37890625 0.171875 0.2171875 0.2015625
7 0.21171875 0.0484375 0.16875 0.096875
7 0.19453125 0.1140625 0.171875 0.175
7 0.09375 0.0265625 0.0921875 0.053125
7 0.08203125 0.0765625 0.0859375 0.11875
7 0.18046875 0.3765625 0.1859375 0.1609375
7 0.05546875 0.31015625 0.09375 0.1234375
7 0.046875 0.40234375 0.09375 0.1265625
7 0.1671875 0.46875 0.1703125 0.165625
7 0.109375 0.24140625 0.16875 0.1546875
7 0.359375 0.4578125 0.1921875 0.1765625
7 0.334375 0.55859375 0.2015625 0.196875
7 0.55859375 0.5578125 0.253125 0.2328125
7 0.540625 0.671875 0.2484375 0.221875
7 0.81640625 0.67578125 0.3078125 0.2671875
7 0.8015625 0.81640625 0.303125 0.2703125
7 0.8125 0.52890625 0.2203125 0.1921875
7 0.62265625 0.453125 0.1875 0.1703125
7 0.459375 0.37890625 0.1625 0.1453125
7 0.50625 0.875 0.2515625 0.2484375
7 0.759375 0.94609375 0.3015625 0.10625
7 0.49296875 0.946875 0.2234375 0.103125
7 0.28359375 0.8484375 0.2125 0.221875
7 0.3171875 0.740625 0.2109375 0.2046875
7 0.16484375 0.640625 0.1765625 0.1765625
7 0.13125 0.73203125 0.1765625 0.1765625
7 0.0484375 0.56484375 0.0953125 0.1546875
7 0.03359375 0.6609375 0.0671875 0.1484375