7 0.49921875 0.05859375 0.4328125 0.1171875
7 0.8484375 0.08984375 0.3015625 0.1359375
7 0.49765625 0.14921875 0.3984375 0.13125
7 0.8375 0.19140625 0.321875 0.121875
7 0.8484375 0.146875 0.3015625 0.0875
7 0.21875 0.03125 0.2140625 0.0625
7 0.2125 0.08984375 0.2484375 0.1265625
7 0.47734375 0.7171875 0.0984375 0.134375
7 0.53828125 0.7515625 0.1140625 0.1734375
7 0.775 0.765625 0.0828125 0.1265625
7 0.725 0.75390625 0.090625 0.1390625
7 0.6671875 0.75 0.0875 0.125
7 0.6046875 0.7453125 0.0953125 0.146875
7 0.03515625 0.67890625 0.06875 0.1640625