7 0.52734375 0.94140625 0.421875 0.1171875
7 0.8578125 0.89765625 0.284375 0.1453125
7 0.51796875 0.8609375 0.3890625 0.1421875
7 0.8453125 0.80546875 0.309375 0.13125
7 0.85703125 0.8484375 0.2859375 0.1
7 0.2546875 0.97578125 0.215625 0.046875
7 0.24296875 0.928125 0.2484375 0.13125
7 0.459375 0.3078125 0.103125 0.13125
7 0.5171875 0.27265625 0.1203125 0.1703125
7 0.74609375 0.2515625 0.0875 0.1234375
7 0.696875 0.26328125 0.0984375 0.1359375
7 0.6421875 0.26953125 0.0921875 0.1234375
7 0.58203125 0.27734375 0.103125 0.14375
7 0.03515625 0.3640625 0.0703125 0.1609375