10 0.63125 0.534375 0.28203125 0.3984375
10 0.13671875 0.84921875 0.21484375 0.2109375
10 0.571875 0.3203125 0.33203125 0.328125
10 0.85078125 0.31875 0.2640625 0.365625
10 0.53046875 0.15625 0.26328125 0.2375
10 0.13125 0.584375 0.12890625 0.225
10 0.32734375 0.4828125 0.221875 0.29296875
10 0.44375 0.59609375 0.134375 0.2453125
10 0.7984375 0.59765625 0.18125 0.23203125
10 0.253125 0.42421875 0.18125 0.2078125
10 0.57265625 0.6 0.7546875 0.6296875
10 0.42265625 0.4046875 0.08671875 0.153125
10 0.37265625 0.33984375 0.07890625 0.090625
10 0.57265625 0.3875 0.8171875 0.69765625
10 0.37421875 0.571875 0.13125 0.19765625