10 0.4984375 0.78828125 0.45 0.41640625
10 0.253125 0.23984375 0.28671875 0.353125
10 0.728125 0.60703125 0.4296875 0.3796875
10 0.8203125 0.8984375 0.353125 0.196875
10 0.1453125 0.86015625 0.28984375 0.2734375
10 0.8453125 0.3453125 0.303125 0.403125
10 0.4984375 0.378125 0.34296875 0.396875
10 0.29765625 0.09296875 0.4171875 0.1859375
10 0.7 0.15703125 0.36640625 0.31328125
10 0.18203125 0.5984375 0.36328125 0.38359375
10 0.4984375 0.4984375 0.996875 0.996875
10 0.51015625 0.0484375 0.13359375 0.096875
10 0.121875 0.23828125 0.2234375 0.34296875
10 0.56171875 0.0484375 0.296875 0.096875
10 0.928125 0.08203125 0.13671875 0.16328125
10 0.0484375 0.30859375 0.096875 0.31015625
10 0.971875 0.75703125 0.05 0.2203125
10 0.0484375 0.11484375 0.096875 0.2296875
10 0.8484375 0.58515625 0.196875 0.3296875
10 0.46640625 0.0484375 0.26640625 0.096875
10 0.11015625 0.078125 0.2203125 0.15625
10 0.45703125 0.95703125 0.346875 0.0796875