10 0.50703125 0.584375 0.98359375 0.72890625
10 0.803125 0.81484375 0.21875 0.190625
10 0.271875 0.7796875 0.2 0.16640625
10 0.59375 0.28203125 0.15078125 0.11875
10 0.64296875 0.8390625 0.18984375 0.2
10 0.90625 0.71328125 0.18515625 0.15703125
10 0.4828125 0.28984375 0.16796875 0.121875
10 0.71484375 0.3078125 0.1578125 0.1234375
10 0.825 0.3453125 0.16796875 0.12578125
10 0.16015625 0.67890625 0.2171875 0.15625
10 0.1328125 0.63046875 0.20859375 0.11875
10 0.9046875 0.409375 0.171875 0.11328125
10 0.93515625 0.60859375 0.12734375 0.1203125
10 0.321875 0.59453125 0.1953125 0.1390625
10 0.49921875 0.846875 0.159375 0.18671875
10 0.93515625 0.49609375 0.12734375 0.121875
10 0.37578125 0.82578125 0.2015625 0.1765625
10 0.13359375 0.55078125 0.22734375 0.103125
10 0.39140625 0.65546875 0.1953125 0.14921875
10 0.71953125 0.69296875 0.1953125 0.14453125
10 0.5734375 0.55 0.18125 0.1390625
10 0.37578125 0.3015625 0.14921875 0.11875
10 0.48125 0.7046875 0.159375 0.12421875
10 0.7546875 0.0171875 0.17265625 0.034375
10 0.57421875 0.05234375 0.175 0.1046875
10 0.21640625 0.38671875 0.16875 0.10078125
10 0.8046875 0.54140625 0.19140625 0.12578125
10 0.34375 0.48125 0.20625 0.10078125
10 0.16171875 0.46171875 0.20703125 0.10625
10 0.790625 0.45390625 0.18125 0.121875
10 0.675 0.39609375 0.16796875 0.1140625
10 0.7953125 0.6265625 0.178125 0.0984375
10 0.63046875 0.45859375 0.1546875 0.0984375
10 0.41015625 0.41328125 0.19296875 0.09453125
10 0.584375 0.71484375 0.14921875 0.13125
10 0.2828125 0.3296875 0.165625 0.11484375
10 0.52890625 0.3921875 0.16171875 0.103125
10 0.5015625 0.4703125 0.1125 0.090625
10 0.70703125 0.10703125 0.225 0.15703125
10 0.653125 0.603125 0.11640625 0.1
10 0.4328125 0.5390625 0.10703125 0.0890625
10 0.8984375 0.06875 0.1828125 0.13671875
10 0.50703125 0.609375 0.1703125 0.10703125
10 0.684375 0.540625 0.075 0.1
10 0.34296875 0.271875 0.12734375 0.06328125