10 0.2734375 0.690625 0.34765625 0.50390625
10 0.6 0.734375 0.3234375 0.4875
10 0.75234375 0.67578125 0.28359375 0.446875
10 0.509375 0.54609375 0.81484375 0.84765625
10 0.38671875 0.5125 0.25625 0.3484375
10 0.46875 0.3921875 0.2328125 0.21796875
10 0.271875 0.41015625 0.29609375 0.28046875
10 0.80390625 0.50703125 0.22578125 0.359375
10 0.66640625 0.23984375 0.2421875 0.20703125
10 0.37265625 0.26953125 0.33125 0.1796875
10 0.684375 0.39375 0.1578125 0.1609375
10 0.165625 0.36953125 0.1015625 0.16640625