14 0.95078125 0.76171875 0.09765625 0.21796875
14 0.07109375 0.8703125 0.121875 0.21171875
14 0.1484375 0.68828125 0.07421875 0.153125
14 0.11171875 0.40625 0.09453125 0.153125
14 0.0375 0.646875 0.07421875 0.1765625
14 0.02890625 0.49140625 0.0578125 0.146875
14 0.121875 0.5765625 0.0609375 0.10625
14 0.23125 0.6296875 0.07734375 0.11796875
14 0.2046875 0.33203125 0.084375 0.146875
14 0.11640625 0.25859375 0.0640625 0.09375
14 0.084375 0.346875 0.1015625 0.11796875
14 0.15234375 0.28515625 0.0671875 0.08828125
14 0.1875 0.2203125 0.0640625 0.08828125
14 0.15703125 0.44375 0.0578125 0.08828125
14 0.20625 0.50859375 0.05390625 0.1
14 0.08984375 0.51484375 0.09140625 0.1
14 0.0828125 0.70859375 0.07734375 0.1
14 0.15234375 0.81796875 0.0671875 0.14140625