10 0.5828125 0.540625 0.175 0.22109375
10 0.5171875 0.51328125 0.740625 0.86875
10 0.38125 0.8171875 0.17734375 0.2609375
10 0.58828125 0.75625 0.240625 0.2671875
10 0.275 0.71015625 0.1953125 0.2375
10 0.77421875 0.6859375 0.1671875 0.275
10 0.57421875 0.39375 0.1890625 0.1671875
10 0.728125 0.51328125 0.13203125 0.2234375
10 0.2765625 0.2453125 0.128125 0.13359375
10 0.225 0.5359375 0.15859375 0.27734375
10 0.61484375 0.2828125 0.1234375 0.19140625
10 0.821875 0.4265625 0.13203125 0.25234375
10 0.396875 0.2953125 0.17578125 0.2421875
10 0.73515625 0.3125 0.1375 0.23984375
10 0.434375 0.61875 0.12421875 0.32265625
10 0.2640625 0.37734375 0.1453125 0.18984375
10 0.36328125 0.5265625 0.1328125 0.23984375
10 0.421875 0.134375 0.09140625 0.1140625
10 0.50234375 0.2109375 0.1734375 0.26640625
10 0.45859375 0.4390625 0.0859375 0.12265625