12 0.340625 0.0984375 0.21953125 0.17265625
12 0.3453125 0.3 0.1875 0.16640625
12 0.63984375 0.334375 0.20234375 0.1625
12 0.48984375 0.28203125 0.14296875 0.08984375
12 0.6609375 0.14375 0.17734375 0.14140625
12 0.5015625 0.16796875 0.1546875 0.13828125
12 0.65078125 0.05234375 0.16171875 0.08203125
12 0.1765625 0.190625 0.165625 0.10859375
12 0.0859375 0.30390625 0.1703125 0.16875
12 0.8671875 0.1984375 0.2546875 0.1921875
12 0.76953125 0.41328125 0.12578125 0.14609375
12 0.9125 0.45859375 0.175 0.15234375
12 0.90546875 0.33203125 0.14921875 0.0984375
12 0.37578125 0.4203125 0.18125 0.12109375
12 0.19453125 0.41875 0.17578125 0.11796875
12 0.0859375 0.57421875 0.1703125 0.09921875
12 0.2640625 0.528125 0.18359375 0.13046875
12 0.52734375 0.41171875 0.10390625 0.0796875
12 0.64140625 0.4890625 0.19921875 0.10703125
12 0.7203125 0.59921875 0.20234375 0.15546875
12 0.9203125 0.6109375 0.159375 0.13046875
12 0.45234375 0.5515625 0.19140625 0.1484375
12 0.35703125 0.7875 0.19609375 0.13671875
12 0.1921875 0.803125 0.1953125 0.203125
12 0.08515625 0.68515625 0.16796875 0.12734375
12 0.284375 0.65234375 0.20625 0.11875
12 0.46953125 0.6984375 0.15546875 0.1390625
12 0.584375 0.6203125 0.11796875 0.10625
12 0.55703125 0.91875 0.21015625 0.14140625
12 0.77265625 0.72890625 0.1703125 0.1109375
12 0.73984375 0.8609375 0.20625 0.15625