8 0.46171875 0.63125 0.1875 0.21171875
8 0.9328125 0.65546875 0.1109375 0.26484375
8 0.2984375 0.6625 0.1734375 0.23984375
8 0.65625 0.8 0.14609375 0.17109375
8 0.265625 0.86875 0.184375 0.1828125
8 0.66875 0.93125 0.246875 0.12578125
8 0.128125 0.1140625 0.1390625 0.1828125
8 0.2203125 0.25703125 0.09375 0.1828125
8 0.1234375 0.27421875 0.1078125 0.20546875
8 0.5015625 0.3796875 0.1421875 0.15390625
8 0.359375 0.40546875 0.128125 0.17109375
8 0.19609375 0.42578125 0.10078125 0.2
8 0.078125 0.4484375 0.13515625 0.2
8 0.6859375 0.56875 0.184375 0.21171875