3 0.82421875 0.86640625 0.3484375 0.1203125
3 0.8140625 0.79921875 0.2890625 0.09375
3 0.834375 0.9328125 0.33125 0.1140625
3 0.5015625 0.9390625 0.3515625 0.096875
3 0.47109375 0.875 0.3265625 0.0921875
3 0.4578125 0.8171875 0.234375 0.065625
3 0.21015625 0.8921875 0.2234375 0.0765625
3 0.1625 0.84375 0.153125 0.0640625
3 0.71015625 0.48203125 0.31875 0.1078125
3 0.396875 0.52734375 0.275 0.0890625
3 0.38671875 0.475 0.2609375 0.08125
3 0.4515625 0.584375 0.203125 0.0671875
3 0.1515625 0.6046875 0.21875 0.075
3 0.146875 0.5625 0.234375 0.06875
3 0.615625 0.1671875 0.309375 0.1296875
3 0.6921875 0.27421875 0.30625 0.1171875