3 0.60234375 0.796875 0.7796875 0.2421875
3 0.58984375 0.5265625 0.5125 0.096875
3 0.58203125 0.41953125 0.5203125 0.1234375
3 0.584375 0.303125 0.4515625 0.103125
3 0.17890625 0.3140625 0.3578125 0.09375
3 0.1671875 0.4015625 0.3328125 0.0875
3 0.59609375 0.63671875 0.590625 0.0875
3 0.115625 0.78125 0.23125 0.2234375
3 0.15 0.5640625 0.3 0.15
3 0.8890625 0.21640625 0.221875 0.10625
3 0.93359375 0.30625 0.13125 0.1171875
3 0.94453125 0.45078125 0.109375 0.1625
3 0.940625 0.5796875 0.11875 0.146875