3 0.03125 0.46640625 0.0625 0.10625
3 0.03984375 0.57109375 0.078125 0.1328125
3 0.06484375 0.740625 0.1296875 0.1609375
3 0.07109375 0.80859375 0.1421875 0.1265625
3 0.046875 0.6453125 0.0921875 0.125
3 0.171875 0.5375 0.1546875 0.1453125
3 0.17421875 0.64765625 0.2078125 0.184375
3 0.19921875 0.8234375 0.2015625 0.184375
3 0.21015625 0.74765625 0.153125 0.134375
3 0.90859375 0.68515625 0.1703125 0.2
3 0.4703125 0.5265625 0.240625 0.209375
3 0.7203125 0.6046875 0.2703125 0.2234375
3 0.66484375 0.69140625 0.2078125 0.1609375
3 0.6546875 0.76796875 0.2 0.1546875
3 0.48671875 0.625 0.1703125 0.153125
3 0.3234375 0.015625 0.2171875 0.03125
3 0.66953125 0.06953125 0.2609375 0.1296875
3 0.88359375 0.446875 0.215625 0.178125
3 0.14765625 0.0203125 0.159375 0.040625
3 0.89296875 0.3296875 0.2125 0.2296875
3 0.90390625 0.2125 0.1921875 0.203125