2 0.203125 0.2390625 0.221875 0.08359375
2 0.1953125 0.34296875 0.25546875 0.09609375
2 0.20625 0.45078125 0.26015625 0.09453125
2 0.20625 0.5625 0.26328125 0.103125
2 0.215625 0.67421875 0.24296875 0.0765625
2 0.2078125 0.77421875 0.27734375 0.1046875
2 0.48046875 0.2203125 0.2453125 0.08203125
2 0.4953125 0.328125 0.2578125 0.08359375
2 0.50234375 0.440625 0.2734375 0.0921875
2 0.4921875 0.5625 0.29296875 0.103125
2 0.49765625 0.67734375 0.24921875 0.09296875
2 0.5015625 0.7796875 0.23984375 0.08828125
2 0.7625 0.1953125 0.265625 0.09140625
2 0.771875 0.3078125 0.2875 0.1
2 0.77109375 0.4359375 0.2421875 0.09375
2 0.778125 0.54765625 0.246875 0.090625
2 0.7703125 0.66328125 0.26796875 0.0984375
2 0.78359375 0.77578125 0.253125 0.0953125