3 0.63359375 0.76953125 0.4265625 0.125
3 0.65625 0.70546875 0.4109375 0.1140625
3 0.68125 0.64765625 0.4046875 0.1109375
3 0.7015625 0.5953125 0.396875 0.10625
3 0.71875 0.54296875 0.384375 0.1046875
3 0.2296875 0.7125 0.4421875 0.1296875
3 0.26796875 0.64765625 0.425 0.115625
3 0.303125 0.58984375 0.4078125 0.1125
3 0.3296875 0.5359375 0.4 0.1046875
3 0.359375 0.48828125 0.390625 0.1046875
3 0.1625 0.9390625 0.325 0.0984375
3 0.6296875 0.978125 0.234375 0.0421875
3 0.7328125 0.44140625 0.36875 0.09375
3 0.74375 0.3953125 0.359375 0.096875
3 0.7484375 0.35234375 0.3484375 0.090625
3 0.7640625 0.3140625 0.3421875 0.09375
3 0.7828125 0.2703125 0.3328125 0.0875
3 0.5953125 0.07421875 0.278125 0.0921875
3 0.5578125 0.12265625 0.2515625 0.078125
3 0.62265625 0.03515625 0.30625 0.0703125
3 0.8765625 0.09765625 0.2453125 0.0875
3 0.81953125 0.15859375 0.2734375 0.0984375
3 0.896875 0.0609375 0.20625 0.0671875
3 0.3328125 0.0328125 0.2796875 0.065625