3 0.79296875 0.15234375 0.4125 0.1671875
3 0.39296875 0.13125 0.43125 0.1671875
3 0.40390625 0.24609375 0.3921875 0.1078125
3 0.76953125 0.271875 0.3796875 0.1078125
3 0.7609375 0.3375 0.3859375 0.1046875
3 0.3921875 0.33046875 0.3890625 0.1296875
3 0.12890625 0.1 0.1671875 0.1453125
3 0.13828125 0.19140625 0.2046875 0.0953125
3 0.12734375 0.26953125 0.203125 0.0765625
3 0.1265625 0.34140625 0.221875 0.0921875
3 0.759375 0.39921875 0.3953125 0.0828125
3 0.51328125 0.740625 0.0890625 0.1265625
3 0.6765625 0.73671875 0.0640625 0.1
3 0.7203125 0.74375 0.059375 0.096875
3 0.6203125 0.72734375 0.0625 0.096875
3 0.57578125 0.73046875 0.0578125 0.1015625