3 0.68984375 0.5359375 0.103125 0.0671875
3 0.61328125 0.5875 0.0984375 0.0625
3 0.65234375 0.56875 0.0921875 0.0546875
3 0.76953125 0.57109375 0.11875 0.06875
3 0.84609375 0.5765625 0.1109375 0.059375
3 0.8265625 0.53984375 0.090625 0.05
3 0.71015625 0.60078125 0.1109375 0.0671875
3 0.79296875 0.61328125 0.103125 0.040625
3 0.91328125 0.578125 0.1140625 0.065625
3 0.1296875 0.7140625 0.1234375 0.0828125
3 0.29453125 0.7140625 0.1890625 0.075
3 0.9859375 0.63671875 0.0265625 0.05625
3 0.9796875 0.725 0.0390625 0.075
3 0.93359375 0.91015625 0.125 0.096875
3 0.9828125 0.89765625 0.0328125 0.09375
3 0.26796875 0.9625 0.1734375 0.0734375
3 0.43125 0.91328125 0.196875 0.0828125
3 0.7765625 0.915625 0.1921875 0.0828125
3 0.59140625 0.88828125 0.18125 0.075
3 0.27265625 0.915625 0.221875 0.0875
3 0.5203125 0.7203125 0.1546875 0.0890625
3 0.2984375 0.78125 0.1921875 0.084375
3 0.69921875 0.7234375 0.13125 0.0703125
3 0.81953125 0.7234375 0.1171875 0.071875
3 0.9203125 0.725 0.11875 0.0765625
3 0.53984375 0.525 0.278125 0.1203125
3 0.49609375 0.5734375 0.275 0.1109375
3 0.28984375 0.5375 0.275 0.109375
3 0.24375 0.609375 0.2828125 0.103125