5 0.13359375 0.62265625 0.0515625 0.08984375
5 0.13359375 0.52890625 0.046875 0.0859375
5 0.14765625 0.37734375 0.05625 0.0875
5 0.15078125 0.1796875 0.053125 0.09609375
5 0.1390625 0.82265625 0.04765625 0.078125
5 0.1375 0.7265625 0.0515625 0.09921875
5 0.22109375 0.17578125 0.05 0.0953125
5 0.31171875 0.17734375 0.0546875 0.08984375
5 0.1484375 0.27734375 0.0515625 0.0953125
5 0.196875 0.52890625 0.053125 0.084375
5 0.196875 0.82421875 0.0515625 0.09140625
5 0.2578125 0.53125 0.0484375 0.08046875
5 0.3828125 0.17421875 0.0546875 0.0875
5 0.2171875 0.2734375 0.0546875 0.09609375
5 0.31953125 0.52890625 0.0546875 0.084375
5 0.2 0.62734375 0.0546875 0.08984375
5 0.21953125 0.3765625 0.05078125 0.09140625
5 0.2609375 0.82265625 0.0484375 0.0875
5 0.30546875 0.36953125 0.05625 0.103125
5 0.30625 0.275 0.05859375 0.0921875
5 0.1984375 0.725 0.04765625 0.084375
5 0.2609375 0.625 0.053125 0.084375
5 0.32421875 0.82265625 0.05 0.07578125
5 0.3734375 0.2734375 0.0578125 0.1015625
5 0.378125 0.3734375 0.05546875 0.0953125
5 0.25546875 0.72734375 0.0578125 0.08828125
5 0.7625 0.20703125 0.046875 0.0796875
5 0.52734375 0.19921875 0.05625 0.06796875
5 0.60625 0.2015625 0.05390625 0.0703125
5 0.32109375 0.62734375 0.0484375 0.0796875
5 0.321875 0.7265625 0.046875 0.08046875
5 0.53515625 0.57421875 0.0515625 0.11171875
5 0.5359375 0.70546875 0.046875 0.125
5 0.6125 0.57421875 0.0453125 0.11171875
5 0.52734375 0.2875 0.05625 0.08359375
5 0.528125 0.390625 0.059375 0.08984375
5 0.6078125 0.29296875 0.053125 0.0796875
5 0.6109375 0.7109375 0.0515625 0.10546875
5 0.6859375 0.19921875 0.04765625 0.0875
5 0.7640625 0.2984375 0.053125 0.08046875
5 0.68984375 0.29453125 0.0484375 0.08828125
5 0.6875 0.57421875 0.05078125 0.11171875
5 0.61171875 0.3921875 0.053125 0.08046875
5 0.68828125 0.396875 0.05625 0.08828125
5 0.76484375 0.57109375 0.05546875 0.10390625
5 0.7640625 0.39296875 0.05078125 0.0921875
5 0.690625 0.71328125 0.0515625 0.1015625
5 0.759375 0.709375 0.05390625 0.10546875