3 0.79921875 0.75 0.2265625 0.08125
3 0.23671875 0.75390625 0.3015625 0.059375
3 0.1921875 0.70703125 0.3484375 0.075
3 0.53359375 0.68125 0.3015625 0.0625
3 0.55859375 0.73828125 0.2890625 0.071875
3 0.3015625 0.5828125 0.115625 0.06875
3 0.3078125 0.5171875 0.134375 0.0671875
3 0.3125 0.453125 0.134375 0.0671875
3 0.321875 0.3890625 0.140625 0.0609375
3 0.55390625 0.384375 0.33125 0.078125
3 0.55625 0.446875 0.3265625 0.0765625
3 0.5609375 0.51171875 0.3265625 0.0765625
3 0.5640625 0.58203125 0.3328125 0.0765625
3 0.8609375 0.3890625 0.2703125 0.0828125
3 0.82421875 0.55859375 0.203125 0.065625
3 0.8234375 0.50390625 0.2109375 0.0609375
3 0.8171875 0.45546875 0.2109375 0.0609375
3 0.64921875 0.275 0.134375 0.071875
3 0.6390625 0.21171875 0.134375 0.071875
3 0.62890625 0.15 0.134375 0.071875
3 0.40390625 0.1359375 0.28125 0.075
3 0.4078125 0.19609375 0.2859375 0.06875
3 0.4171875 0.2609375 0.2875 0.0875
3 0.13671875 0.25703125 0.2734375 0.09375
3 0.13203125 0.19375 0.2640625 0.065625
3 0.11875 0.1046875 0.2375 0.11875
3 0.1828125 0.43984375 0.15 0.0453125
3 0.18359375 0.4859375 0.1453125 0.05