3 0.078125 0.93515625 0.15625 0.0625
3 0.08046875 0.90390625 0.1609375 0.0875
3 0.40234375 0.94453125 0.2546875 0.08125
3 0.38125 0.9734375 0.3546875 0.053125
3 0.7359375 0.9734375 0.1703125 0.0515625
3 0.6515625 0.7984375 0.2609375 0.0734375
3 0.6984375 0.75859375 0.265625 0.0734375
3 0.80078125 0.7171875 0.2546875 0.0828125
3 0.81953125 0.671875 0.2515625 0.075
3 0.21171875 0.24375 0.2484375 0.084375
3 0.19140625 0.2921875 0.253125 0.09375
3 0.1546875 0.35546875 0.23125 0.0875
3 0.1234375 0.4078125 0.2046875 0.0640625
3 0.11328125 0.4421875 0.2078125 0.0609375
3 0.32421875 0.47734375 0.24375 0.0703125
3 0.45078125 0.31484375 0.2796875 0.1015625
3 0.396875 0.375 0.265625 0.0859375
3 0.359375 0.4171875 0.2484375 0.0671875
3 0.33515625 0.44375 0.240625 0.065625
3 0.59140625 0.5140625 0.253125 0.0703125
3 0.60546875 0.478125 0.2484375 0.0640625
3 0.62109375 0.4484375 0.2515625 0.071875
3 0.66796875 0.4046875 0.2703125 0.09375
3 0.68984375 0.3578125 0.2640625 0.0796875
3 0.88828125 0.415625 0.2234375 0.0921875
3 0.88828125 0.2921875 0.1625 0.109375
3 0.9515625 0.31015625 0.0953125 0.1078125