3 0.8390625 0.07109375 0.29375 0.140625
3 0.8421875 0.17578125 0.2953125 0.16875
3 0.58984375 0.22734375 0.23125 0.146875
3 0.58671875 0.1046875 0.2234375 0.1609375
3 0.3859375 0.26328125 0.196875 0.1390625
3 0.2140625 0.20078125 0.1515625 0.121875
3 0.2125 0.3015625 0.1546875 0.1234375
3 0.07109375 0.240625 0.1421875 0.115625
3 0.071875 0.32734375 0.14375 0.1015625
3 0.240625 0.54296875 0.1703125 0.1078125
3 0.0890625 0.5484375 0.140625 0.103125
3 0.0953125 0.634375 0.140625 0.103125
3 0.24375 0.63203125 0.1546875 0.115625
3 0.15625 0.45703125 0.1546875 0.1046875
3 0.41328125 0.52890625 0.175 0.11875
3 0.40625 0.63125 0.18125 0.1375
3 0.60546875 0.521875 0.228125 0.1609375
3 0.6078125 0.63125 0.2265625 0.1484375
3 0.8546875 0.5015625 0.28125 0.1765625
3 0.86171875 0.63359375 0.275 0.18125
3 0.8296875 0.37109375 0.2 0.1265625
3 0.64765625 0.396875 0.1703125 0.115625
3 0.490625 0.41015625 0.1484375 0.0984375
3 0.609375 0.8328125 0.228125 0.18125
3 0.859375 0.85234375 0.275 0.2
3 0.61171875 0.9390625 0.2078125 0.11875
3 0.40625 0.915625 0.1921875 0.1609375
3 0.41953125 0.80078125 0.190625 0.14375
3 0.2671875 0.7859375 0.1578125 0.125
3 0.2515625 0.88359375 0.1578125 0.125
3 0.11328125 0.78515625 0.159375 0.125
3 0.10703125 0.88125 0.1484375 0.121875