4 0.49921875 0.4984375 0.99765625 0.996875
4 0.84609375 0.23671875 0.30390625 0.4734375
4 0.6796875 0.1484375 0.3 0.29609375
4 0.38671875 0.1765625 0.34609375 0.353125
4 0.27890625 0.59765625 0.3859375 0.54765625
4 0.54609375 0.4359375 0.33203125 0.3625
4 0.89609375 0.80546875 0.20390625 0.38359375
4 0.04921875 0.13359375 0.09765625 0.26640625
4 0.64296875 0.865625 0.31796875 0.26328125
4 0.1109375 0.4703125 0.221875 0.503125
4 0.53984375 0.79453125 0.35625 0.40390625
4 0.17578125 0.16640625 0.2359375 0.33203125
4 0.23203125 0.90859375 0.31171875 0.1765625
4 0.77109375 0.640625 0.27421875 0.365625
4 0.01875 0.78203125 0.0375 0.2953125
4 0.940625 0.52421875 0.1140625 0.28125
4 0.0859375 0.853125 0.171875 0.2875
4 0.9859375 0.23359375 0.02421875 0.2515625
4 0.03984375 0.9375 0.0796875 0.11953125
4 0.85078125 0.51953125 0.29375 0.290625