4 0.14609375 0.4828125 0.2921875 0.63046875
4 0.44921875 0.46328125 0.3203125 0.615625
4 0.61875 0.1234375 0.31328125 0.24609375
4 0.77890625 0.47265625 0.3421875 0.59609375
4 0.8921875 0.1203125 0.209375 0.240625
4 0.88984375 0.82265625 0.2171875 0.35
4 0.06640625 0.13046875 0.1328125 0.2609375
4 0.29453125 0.11953125 0.3203125 0.2390625
4 0.4984375 0.49765625 0.996875 0.9953125
4 0.31640625 0.84375 0.3140625 0.3078125
4 0.62421875 0.84375 0.29765625 0.3078125
4 0.07421875 0.86328125 0.1484375 0.26875
4 0.98046875 0.4421875 0.0359375 0.3078125
4 0.140625 0.8765625 0.1125 0.23671875