4 0.49921875 0.49921875 0.996875 0.9984375
4 0.74921875 0.33984375 0.259375 0.4046875
4 0.3796875 0.20078125 0.265625 0.4015625
4 0.0875 0.775 0.175 0.4375
4 0.27734375 0.57890625 0.24921875 0.41640625
4 0.09921875 0.3234375 0.1984375 0.446875
4 0.54609375 0.5109375 0.2734375 0.4609375
4 0.44609375 0.83828125 0.28828125 0.31796875
4 0.89296875 0.1421875 0.21171875 0.284375
4 0.77109375 0.7109375 0.25390625 0.36953125
4 0.93515625 0.46484375 0.1265625 0.4359375
4 0.91640625 0.83984375 0.1640625 0.315625
4 0.62890625 0.09765625 0.2765625 0.1953125
4 0.71484375 0.9375 0.2640625 0.1203125
4 0.196875 0.9234375 0.2671875 0.15
4 0.159375 0.06796875 0.21875 0.1359375