4 0.80390625 0.62578125 0.2203125 0.16484375
4 0.8390625 0.76015625 0.171875 0.18203125
4 0.659375 0.71640625 0.21171875 0.1890625
4 0.45390625 0.22578125 0.19375 0.15625
4 0.2578125 0.29921875 0.2328125 0.1921875
4 0.44375 0.403125 0.209375 0.234375
4 0.278125 0.5078125 0.2453125 0.24375
4 0.603125 0.57578125 0.175 0.1578125
4 0.6328125 0.31640625 0.22890625 0.17265625
4 0.25390625 0.67265625 0.18828125 0.1671875
4 0.44453125 0.6171875 0.1953125 0.20703125
4 0.60703125 0.22265625 0.1296875 0.0671875
4 0.67421875 0.48125 0.1296875 0.09921875
4 0.5578125 0.46796875 0.0953125 0.0640625
4 0.29375 0.68671875 0.109375 0.134375
4 0.2078125 0.66171875 0.09609375 0.1453125
4 0.42265625 0.453125 0.68515625 0.61015625
4 0.14453125 0.3828125 0.12265625 0.13984375
4 0.32265625 0.3953125 0.04765625 0.05390625
4 0.41484375 0.64921875 0.13515625 0.14375
4 0.51796875 0.515625 0.084375 0.05234375
4 0.55703125 0.43203125 0.0921875 0.134375
4 0.5921875 0.246875 0.15703125 0.11484375