4 0.21171875 0.32734375 0.31015625 0.25546875
4 0.45625 0.309375 0.2546875 0.30546875
4 0.22578125 0.5796875 0.34921875 0.45625
4 0.28125 0.14453125 0.26875 0.19140625
4 0.4828125 0.609375 0.2796875 0.38125
4 0.6421875 0.484375 0.165625 0.3625
4 0.0375 0.47421875 0.07421875 0.36875
4 0.17265625 0.12734375 0.2171875 0.19765625
4 0.86484375 0.38125 0.2671875 0.40703125
4 0.0421875 0.28203125 0.0828125 0.07421875
4 0.73359375 0.1125 0.26328125 0.22421875
4 0.44140625 0.15625 0.0546875 0.03203125
4 0.890625 0.1203125 0.1359375 0.19140625
4 0.41953125 0.07421875 0.2953125 0.1484375
4 0.08125 0.7109375 0.13515625 0.17109375
4 0.584375 0.22890625 0.23046875 0.19375
4 0.5734375 0.06953125 0.07421875 0.134375
4 0.03203125 0.36171875 0.06328125 0.1390625
4 0.3640625 0.4234375 0.7234375 0.765625
4 0.059375 0.4984375 0.11875 0.565625
4 0.0609375 0.26640625 0.11875 0.10390625
4 0.31015625 0.028125 0.07890625 0.05390625
4 0.0609375 0.23828125 0.11875 0.04921875
4 0.0609375 0.32421875 0.11953125 0.221875
4 0.1921875 0.03203125 0.19296875 0.06171875