4 0.70390625 0.35234375 0.2171875 0.49609375
4 0.090625 0.49609375 0.18125 0.51484375
4 0.2703125 0.29296875 0.23125 0.4875
4 0.896875 0.8765625 0.20390625 0.24140625
4 0.48984375 0.28203125 0.2125 0.48203125
4 0.2765625 0.7640625 0.225 0.465625
4 0.1078125 0.1328125 0.215625 0.265625
4 0.69296875 0.796875 0.2484375 0.4
4 0.7421875 0.12578125 0.234375 0.2515625
4 0.9125 0.475 0.17265625 0.55078125
4 0.9296875 0.0984375 0.1390625 0.196875
4 0.0984375 0.890625 0.19609375 0.2140625
4 0.48203125 0.73828125 0.1859375 0.43046875
4 0.546875 0.04375 0.1609375 0.0875
4 0.6015625 0.56953125 0.14140625 0.28515625
4 0.3765625 0.5359375 0.1640625 0.3203125
4 0.3328125 0.03125 0.153125 0.0625
4 0.59609375 0.134375 0.0828125 0.16953125
4 0.41328125 0.125 0.1390625 0.24921875
4 0.596875 0.23828125 0.08359375 0.378125
4 0.0265625 0.2015625 0.05234375 0.12890625
4 0.83984375 0.66953125 0.175 0.403125
4 0.86328125 0.25078125 0.13125 0.45234375
4 0.15859375 0.23984375 0.08984375 0.178125
4 0.0546875 0.79609375 0.109375 0.1046875
4 0.53828125 0.93671875 0.07890625 0.1203125
4 0.13984375 0.778125 0.07265625 0.246875
4 0.4578125 0.91484375 0.2390625 0.1640625
4 0.49921875 0.4984375 0.9984375 0.996875
4 0.0203125 0.79609375 0.040625 0.0984375
4 0.33046875 0.07109375 0.1609375 0.1421875
4 0.1625 0.675 0.1125 0.425
4 0.20859375 0.98046875 0.0328125 0.0328125
4 0.075 0.77109375 0.07265625 0.05234375
4 0.55078125 0.10703125 0.16875 0.2140625
4 0.79921875 0.58203125 0.09140625 0.22734375
4 0.19140625 0.56171875 0.05234375 0.196875
4 0.384375 0.91640625 0.09140625 0.16171875
4 0.2515625 0.03125 0.071875 0.0625
4 0.22890625 0.021875 0.02734375 0.04375
4 0.1390625 0.76015625 0.06015625 0.134375
4 0.184375 0.4875 0.06875 0.33984375
4 0.58203125 0.91640625 0.03359375 0.16171875
4 0.10390625 0.7578125 0.12734375 0.1234375
4 0.3640625 0.10390625 0.0421875 0.09296875
4 0.86328125 0.196875 0.11640625 0.1859375
4 0.1015625 0.234375 0.20234375 0.18359375
4 0.13515625 0.2875 0.0453125 0.0765625
4 0.83984375 0.7234375 0.10234375 0.2796875
4 0.1515625 0.26015625 0.0609375 0.11484375
4 0.17734375 0.20859375 0.05234375 0.11484375
4 0.2453125 0.07109375 0.08984375 0.1421875
4 0.3765625 0.0796875 0.06875 0.153125
4 0.828125 0.36875 0.0609375 0.21640625
4 0.0859375 0.7546875 0.1703125 0.1890625
4 0.16171875 0.84375 0.1140625 0.30703125
4 0.95546875 0.20390625 0.07890625 0.05234375
4 0.2671875 0.98046875 0.14765625 0.0328125
4 0.96796875 0.7671875 0.0609375 0.04375
4 0.0265625 0.13046875 0.05234375 0.26015625
4 0.2 0.02890625 0.0875 0.0578125