4 0.39296875 0.76171875 0.31484375 0.39609375
4 0.475 0.2546875 0.31015625 0.38515625
4 0.18671875 0.15546875 0.3328125 0.3109375
4 0.50859375 0.4828125 0.9796875 0.965625
4 0.69296875 0.475 0.31328125 0.4171875
4 0.278125 0.421875 0.27890625 0.3921875
4 0.75390625 0.7921875 0.30703125 0.290625
4 0.8984375 0.51015625 0.2015625 0.3703125
4 0.55546875 0.74765625 0.15234375 0.278125
4 0.46953125 0.515625 0.06875 0.15703125
4 0.88984375 0.13203125 0.2171875 0.13671875
4 0.55703125 0.55703125 0.14609375 0.25
4 0.4109375 0.50234375 0.0609375 0.12734375