4 0.49921875 0.49921875 0.99765625 0.99609375
4 0.44921875 0.50390625 0.40546875 0.6984375
4 0.809375 0.68046875 0.3625 0.63359375
4 0.12890625 0.51796875 0.2578125 0.6015625
4 0.1265625 0.8640625 0.25234375 0.26875
4 0.39375 0.13828125 0.4046875 0.2765625
4 0.7421875 0.15390625 0.33984375 0.30703125
4 0.3234375 0.81796875 0.30390625 0.35859375
4 0.521875 0.9234375 0.28046875 0.14921875
4 0.1234375 0.08671875 0.246875 0.1734375
4 0.93359375 0.32890625 0.13125 0.61328125
4 0.73828125 0.35625 0.2953125 0.315625
4 0.9625 0.81796875 0.0734375 0.36015625
4 0.07578125 0.19375 0.1515625 0.1046875
4 0.221875 0.3046875 0.12265625 0.38125