2 0.2140625 0.34453125 0.3078125 0.15390625
2 0.19921875 0.128125 0.28671875 0.14921875
2 0.809375 0.1359375 0.29375 0.14375
2 0.81875 0.3546875 0.28828125 0.13671875
2 0.54453125 0.64765625 0.2875 0.13359375
2 0.5421875 0.84921875 0.27734375 0.1453125
2 0.45390625 0.2453125 0.07421875 0.3828125
2 0.58828125 0.23828125 0.08125 0.38984375
2 0.10546875 0.70546875 0.09609375 0.384375
2 0.2703125 0.70625 0.08828125 0.41484375
2 0.784375 0.7453125 0.08359375 0.39140625
2 0.92421875 0.72578125 0.09765625 0.40859375